# Stereo camera calibration report
# Generated by kinect-stereo-calib - MRPT at Thu Dec 17 18:44:10 2020
# (This file is loadable from rawlog-edit and other MRPT tools)
# ---------------------------------------------------------------------

# Left camera (IR/Depth in Kinect) calibration parameters (and 95% confidence intervals):
[CAMERA_PARAMS_LEFT]
resolution = [640 480]
cx         = 305.494532  // +/- 0.011
cy         = 266.352889  // +/- 0.011
fx         = 828.429060  // +/- 0.096
fy         = 835.300470  // +/- 0.140
dist       = [-9.868665e-02 -9.362641e-02 0.000000e+00 0.000000e+00 0.000000e+00]    // The order is: [K1 K2 T1 T2 K3]

# Right camera (RGB in Kinect) calibration parameters  (and 95% confidence intervals):
[CAMERA_PARAMS_RIGHT]
resolution = [640 480]
cx         = 326.376082  // +/- 0.011
cy         = 216.605710  // +/- 0.011
fx         = 833.349949  // +/- 0.084
fy         = 840.921656  // +/- 0.136
dist       = [-1.287040e-01 1.096766e+00 0.000000e+00 0.000000e+00 0.000000e+00]    // The order is: [K1 K2 T1 T2 K3]

# Relative pose of the right camera wrt to the left camera:
# This assumes that both camera frames are such that +Z points
# forwards, and +X and +Y to the right and downwards.
[CAMERA_PARAMS_LEFT2RIGHT_POSE]
translation_only     = [-1.074300e-01 5.820868e-04 -4.579571e-04]
rotation_matrix_only = [9.9964302736571e-01 -2.5020073178204e-03 2.6599958618240e-02 ;2.5147041873017e-03 9.9999673960877e-01 -4.4388589453603e-04 ;-2.6598761286212e-02 5.1061846673827e-04 9.9964605994663e-01 ]
pose_yaw_pitch_roll  = [-0.107430 0.000582 -0.000458 0.144133 1.524177 0.029267]  // (YPR in degrees)
pose_quaternion      = [-0.107430 0.000582 -0.000458 0.999911 0.000239 0.013301 0.001254]

# Info about calibration parameters:
[CALIB_METAINFO]
number_good_cheesboards = 25
average_reprojection_error = 0.431459 // RMSE pixels
cheesboard_nx = 9
cheesboard_ny = 6
cheesboard_square_size_x = 0.040000 // (m)
cheesboard_square_size_y = 0.040000 // (m)

