# Stereo camera calibration report
# Generated by kinect-stereo-calib - MRPT at Tue Dec  1 23:55:03 2020
# (This file is loadable from rawlog-edit and other MRPT tools)
# ---------------------------------------------------------------------

# Left camera (IR/Depth in Kinect) calibration parameters (and 95% confidence intervals):
[CAMERA_PARAMS_LEFT]
resolution = [4160 3120]
cx         = 2132.780860  // +/- 0.017
cy         = 1525.894312  // +/- 0.017
fx         = 3223.474139  // +/- 0.083
fy         = 3227.975515  // +/- 0.118
dist       = [1.412403e-01 -4.227541e-01 2.338905e-03 7.614829e-04 -5.866058e-02]    // The order is: [K1 K2 T1 T2 K3]

# Right camera (RGB in Kinect) calibration parameters  (and 95% confidence intervals):
[CAMERA_PARAMS_RIGHT]
resolution = [4160 3120]
cx         = 2132.780821  // +/- 0.017
cy         = 1525.894298  // +/- 0.017
fx         = 3223.474177  // +/- 0.083
fy         = 3227.975509  // +/- 0.118
dist       = [1.413249e-01 -4.231703e-01 2.339879e-03 7.595919e-04 -5.850697e-02]    // The order is: [K1 K2 T1 T2 K3]

# Relative pose of the right camera wrt to the left camera:
# This assumes that both camera frames are such that +Z points
# forwards, and +X and +Y to the right and downwards.
[CAMERA_PARAMS_LEFT2RIGHT_POSE]
translation_only     = [2.274683e-06 -1.085313e-06 -1.798617e-06]
rotation_matrix_only = [9.9999999998966e-01 -2.4179643736080e-07 -4.5403634267899e-06 ;2.4180631034823e-07 9.9999999999761e-01 2.1744946894949e-06 ;4.5403629009949e-06 -2.1744957873471e-06 9.9999999998733e-01 ]
pose_yaw_pitch_roll  = [0.000002 -0.000001 -0.000002 0.000014 -0.000260 -0.000125]  // (YPR in degrees)
pose_quaternion      = [0.000002 -0.000001 -0.000002 1.000000 -0.000001 -0.000002 0.000000]

# Info about calibration parameters:
[CALIB_METAINFO]
number_good_cheesboards = 10
average_reprojection_error = 1.666510 // RMSE pixels
cheesboard_nx = 9
cheesboard_ny = 6
cheesboard_square_size_x = 0.040000 // (m)
cheesboard_square_size_y = 0.040000 // (m)

